3790 2
3785 3
3786 33
3789 25
3792 53
3788 42
3791 71
3793 642
3801 120
3799 824
3800 388
3805 2
3795 58
3797 35
3802 8482
3806 409
3804 3628
3807 11
3809 12
3811 6
3808 13
3796 248
3812 50
3814 24
3813 557
3817 303
3815 655
3818 227
3819 28
3820 21
3794 1
3816 5741
3810 3048
3821 917
3823 2
3822 2
3825 9
3826 3390
3832 138
3830 38
3824 370
3831 3
3833 1535
3837 81
3836 420
3839 5
3840 547
3829 44
3842 59
3843 54
3834 8
3835 495
3844 24
3847 20
3851 442
3848 1
3845 19
3787 184
3849 22
3850 6860
3838 798
3852 149
3860 44
3861 2
3858 48
3857 8
3803 82
3863 407
3862 38
3856 827
3854 10
3866 452
3855 1
3867 7
3864 7
3870 16
3865 19
3874 125
3876 41
3877 13
3828 3
3880 12
3882 31
3879 10
3869 45
3873 29
3883 197
3881 3
3884 6
3885 1
3886 8
3889 20
3859 88
3875 2
3888 22
3890 19
3887 227
3871 24
3893 65
3895 5
3898 204
3872 35
3901 48
3900 41
3896 18
3903 46
3904 29
3905 47
3907 10
3897 8
3894 16
3899 49
3909 103
3910 70
3911 51
3902 90
3908 13
3914 1834
3915 17
3906 1671
3920 7
3916 46
3922 4
3892 77
3913 159
3921 49
3923 67
3927 6
3926 244
3912 132
3928 216
3891 60
3925 18
3933 306
3919 436
3931 43
3934 40
3935 104
3938 91
3936 11
3917 195
3941 5
3939 366
3930 62
3940 11
3943 672
3945 83
3944 29
3950 9
3947 32
3946 57
3948 41
3952 16
3949 16
3954 14
3951 3
3953 54
3937 4842
3957 1402
3959 27
3932 804
3958 1645
3962 66
3961 20
3966 3
3964 61
3969 33
3968 159
3960 9
3956 5
3929 47
3972 174
3963 23
3975 323
3976 43
3955 110
3978 47
3973 47
3979 35
3965 1
3971 43
3977 16
3983 7
3982 35
3974 152
3986 24
3987 16
3980 10
3992 116
3993 1488
3990 2
3985 476
3995 21
3970 38
3989 2
3981 134
4000 18
3994 1089
4001 168
3999 45
4002 101
3988 53
3996 240
3924 30
4005 3
4007 79
4003 156
4011 4
4004 1
3997 180
4010 211
4012 1159
4008 386
4009 86
4015 18
4017 25
4020 486
4021 8
4022 33
4019 458
4014 552
4013 147
4018 260
4006 8
4024 237
4025 10
4029 116
4016 324
4033 16
4031 104
4034 200
4027 1288
4028 48
4032 545
4037 3778
4023 125
4041 251
4040 35
4039 106
4036 305
4043 11
4044 6
4038 33
4046 19
4050 8
4047 1
4035 51
4052 1356
4048 755
4053 689
4049 86
4054 16
4051 5
4056 367
4058 41
4045 731
4061 227
4060 5
4057 87
4063 113
4066 23
4064 1146
4067 65
4055 765
4068 29
4065 1296
4073 35
4070 62
4074 40
4069 1339
4062 363
4042 180
4077 3
4059 47
4078 17
4072 1
4081 29
4079 3
4080 17
4088 14
4085 15
4082 24
4087 2
4076 1
4089 3
4091 3
4092 1
4090 1
4096 75
4099 7
4083 27
4098 30
4103 25
4102 6
4095 108
4104 98
4086 4
4105 16
4100 68
4109 3
4106 38
4114 2
4030 21
4110 2
4108 45
4115 3
4117 8
4118 5
4112 41
4111 25
4116 46
4119 6
4101 1
4128 4
4124 29
4123 1
4121 10
4126 4
4129 2
4131 7
4125 6
4134 7
4127 1
4137 3
4132 2
4120 1
4139 3
4138 1
4136 5
4143 2
4146 16
4147 3
4107 1
4150 10
4151 62
4141 3
4152 57
4135 1
4148 78
4142 5
4149 3
4154 17
4140 1
4156 2
4155 14
4144 1
4158 3
4167 6
4161 197
4157 56
4163 33
4170 2
4169 11
4164 78
4171 746
4168 1576
4173 353
4178 29
4175 990
4176 121
4180 12
4162 51
4181 58
4183 20072
4153 24
4186 1614
4185 213
4182 224
4189 193
4188 20
4192 225
4172 1164
4194 70
4191 26
4195 947
4198 67
4201 48
4184 6181
4204 306
4199 50
4202 25
4179 1
4208 2
4205 24
4207 1
4174 1
4166 1
4210 93
4200 1
4214 256
4209 90
4211 2135
4218 528
4216 14
4213 32
4221 398
4203 66
4217 12299
4206 72
4193 4
4197 84
4215 2088
4212 1056
4223 1702
4224 30
4229 244
4219 7558
4226 7663
4232 61
4222 879
4235 254
4228 9
4230 497
4233 215
4236 772
4225 121
4241 1
4234 9
4247 21
4249 172
4237 14
4251 44
4243 107
4253 300
4252 123
4240 430
4254 25
4256 53
4257 95
4246 159
4255 41
4259 71
4244 403
4260 312
4250 227
4261 64
4262 659
4263 88
4267 28
4264 872
4270 6
4266 13
4265 324
4274 9
4268 95
4271 1
4275 192
4276 1985
4272 34
4273 170
4283 60
4280 43
4286 336
4278 729
4282 39
4289 144
4291 12
4258 89
4277 61
4284 79
4294 15
4288 867
4287 227
4295 35
4296 5
4297 39
4292 1
4279 97
4293 21
4298 6
4302 3
4304 16
4307 12
4290 13
4305 2
4301 27
4308 63
4309 3
4314 178
4311 21
4306 5
4300 1
4319 2
4312 18
4315 16
4310 3
4242 5271
4326 3
4325 120
4322 14
4320 1
4324 18
4318 1
4299 1
4328 61
4331 45
4338 2
4327 13
4323 30
4343 77
4340 2
4333 2
4329 28
4337 1
4339 1
4330 17
4344 40
4347 11
4350 124
4351 3
4335 1
4349 278
4355 78
4357 96
4353 293
4346 2
4361 146
4362 7
4354 69
4356 93
4358 6
4359 570
4363 119
4366 2
4360 136
4367 2
4365 70
4334 1
4374 2
4368 23
4371 53
4369 90
4377 4
4372 17
4376 30
4380 861
4352 355
4382 97
4375 10
4364 39
4373 12
4385 111
4386 280
4391 94
4390 2
4392 16
4381 3108
4387 16
4384 31
4378 25
4394 223
4398 44
4396 129
4402 272
4404 25
4389 33
4383 67
4397 93
4403 11
4406 169
4405 5
4401 4
4410 51
4411 8
4408 140
4414 36
4395 6433
4413 5
4419 142
4412 1
4421 361
4420 295
4418 21
4424 39
4417 48
4416 187
4427 118
4425 40
4426 1364
4428 9
4431 16
4430 194
4409 14
4432 21
4429 251
4423 239
4433 4
4437 76
4434 9
4440 599
4435 654
4438 191
4407 89
4443 2
4441 16
4445 1379
4444 972
4446 43
4448 43
4442 2
4451 11
4422 775
4453 95
4455 461
4449 14
4454 2708
4456 5637
4436 39
4461 27
4447 6
4458 36
4463 194
4460 11411
4450 8
4464 36
4465 122
4459 1837
4468 1470
4469 340
4470 131
4472 553
4462 66
4475 47
4477 13
4474 5213
4473 98
4479 21
4480 25
4471 28
4482 666
4483 4
4484 29
4481 6
4485 10
4467 552
4488 10
4486 5
4490 70
4487 55
4489 11
4494 3
4491 135
4492 2
4497 11
4496 7
4495 31
4500 21
4499 104
4498 267
4501 2
4503 6
4504 11
4502 41
4507 4
4508 2
4509 18
4478 7
4510 32
4511 662
4452 59
4512 10
4515 6
4516 3
4514 84
4519 4
4506 106
4521 130
4520 1918
4513 73
4525 41
4524 89
4522 30
4528 1840
4529 1394
4527 645
4523 96
4531 61
4533 15
4534 8
4532 146
4526 33
4535 52
4537 39
4530 7
4538 601
4540 41
4541 199
4542 40
4543 15
4493 1
4545 9
4544 188
4547 7
4548 214
4549 7
4505 1
4552 72
4550 61
4554 25
4539 54
4555 1081
4557 7
4559 7
4558 247
4556 33
4561 380
4564 19
4551 1
4565 16
4518 72
4562 231
4568 140
4553 1
4567 6
4546 258
4569 23
4566 196
4572 4
4570 29
4563 1
4571 53
4575 166
4573 7
4577 46
4578 13
4579 136
4580 20
4581 919
4584 125
4583 38
4576 40
4589 52
4590 318
4586 848
4591 3
4587 597
4582 21
4595 1509
4594 7
4597 1526
4596 415
4592 50
4593 61
4602 127
4588 369
4600 3
4603 54
4585 8
4607 25
4608 49
4605 139
4609 11
4599 10
4612 20
4606 47
4611 23
4610 16
4614 2
4616 143
4604 73
4615 17
4618 32
4622 50
4619 20
4601 8
4617 71
4613 514
4623 111
4626 25
4625 61
4629 33
4620 37
4630 500
4633 3
4634 418
4621 12
4632 218
4628 27
4631 94
4627 19
4637 113
4635 21
4640 36
4639 181
4643 115
4644 13
4645 14
4647 68
4636 105
4641 33
4649 160
4650 12
4648 91
4652 32
4655 2
4651 41
4657 76
4658 4
4653 134
4660 303
4638 60
4656 27
4642 1
4646 28
4662 36
4661 54
4664 91
4666 12
4663 159
4673 34
4667 85
4659 1
4674 65
4672 34
4676 122
4665 47
4670 40
4681 185
4677 179
4684 106
4683 16
4682 383
4678 54
4679 122
4688 11
4689 89
4687 26
4686 775
4690 247
4692 111
4694 23
4685 262
4693 15
4675 2
4691 605
4671 252
4698 6
4703 5
4702 15
4695 2241
4700 18
4705 67
4708 2
4706 26
4707 16
4704 39
4697 30
4701 66
4711 17
4713 1
4717 4
4714 1
4709 35
4699 18
4715 155
4712 138
4721 12
4723 173
4725 23
4724 18
4728 4
4710 7
4727 37
4730 9
4732 166
4735 21
4719 1
4736 10
4731 284
4739 124
4738 23
4734 10
4729 39
4737 19
4718 1
4740 81
4743 3
4720 1
4748 10
4742 52
4747 28
4746 26
4754 18
4741 79
4749 21
4752 27
4751 20
4757 17
4758 9
4760 3
4756 27
4763 8
4762 8
4761 1
4759 35
4764 10
4766 32
4768 5
4745 3
4771 8
4770 7
4753 6
4767 15
4772 27
4777 117
4775 6
4774 1
4779 137
4765 9
4744 17
4781 274
4780 8
4783 8
4785 3
4787 72
4784 2
4789 17
4790 14
4792 6
4791 203
4795 71
4794 6
4796 21
4798 87
4799 10
4801 7
4800 33
4778 796
4797 23
4803 49
4773 2
4805 59
4806 76
4807 13
4802 472
4811 4
4812 6
4809 39
4810 57
4815 15
4813 49
4816 10
4817 356
4814 28
4818 31
4819 16
4820 12
4824 717
4821 1
4822 15
4825 127
4830 1
4828 1
4827 85
4833 1
4832 1
4831 1
4808 96
4829 8
4835 1
4839 23
4836 1
4840 18
4841 4
4843 18
4848 2
4847 2
4838 1312
4846 14
4850 7
4852 3
4845 1150
4853 23
4855 13
4851 1
4849 6
4858 8
4857 20
4861 2
4860 17
4864 6
4865 5
4856 2
4862 17
4866 14
4842 2
4869 25
4868 4
4870 3
4863 1
4874 4
4875 11
4872 2
4877 4
4876 10
4879 104
4867 2210
4881 96
4878 1
4883 40
4880 1
4882 1
4886 1
4884 107
4889 824
4891 11
4890 1
4788 26
4871 1
4873 11
4892 13
4896 19
4897 4
4895 8
4899 6
4898 3
4900 137
4894 9
4902 127
4903 1
4909 2
4910 3
4908 323
4905 1
4911 1
4912 15
4914 2
4915 3
4907 2
4916 8
4920 9
4919 135
4922 16
4457 3311
4925 4
4926 11
4923 121
4904 2
4913 2
4930 6
4929 31
4924 2
4917 330
4932 13
4934 95
4927 21
4935 6
4936 2
4928 1
4944 2
4941 102
4937 1
4947 19
4948 2
4887 37
4938 5
4945 7
4950 38
4955 14
4893 1
4931 21
4949 1
4957 2
4943 205
4952 24
4960 13
4959 20
4951 4
4964 64
4965 4
4969 485
4967 281
4966 18
4956 37
4968 1
4970 42
4972 40
4971 16
4973 5
4963 40
4974 106
4980 7
4975 1
4981 9
4978 2
4985 4
4984 9
4976 4
4979 1
4989 28
4987 2
4988 27
4958 1
4993 2
4961 7
4995 5
4986 2
4940 839
4982 3
4994 5
5002 9
4998 1
4996 145
5005 15
5000 36
4992 1
5003 6
5004 29
4991 46
5010 152
4999 4
5009 58
5007 111
5012 15
5015 4
5017 13
5008 13
5006 1185
5014 89
5019 5
5020 1
5013 1
5027 26
5028 3
5023 40
5016 4
5021 11
5022 2
5033 5
5034 2
5038 3
5032 2
5035 2
5041 15
5029 4
5042 2
5018 19
5046 373
5048 238
5049 48
5050 30
5037 10
5047 11
5044 100
5024 2
5043 1
5053 13
5031 5
5057 4
5062 5
5056 7
5055 2
5063 20
5051 420
5058 1
5064 56
5068 336
5066 24
5069 27
5070 1
5071 15
5073 2895
5075 2
5079 2
5074 37
5076 34
5067 9
5082 131
5077 35
5060 122
5080 96
5091 7
5061 90
5087 5
5088 116
5089 8
5081 134
5085 31
5093 3
5084 1
5052 18
5092 15
5099 10
5096 8
5094 155
5090 8
5097 44
5104 5
5098 1
5100 62
5101 16
5106 5
5102 11
5108 1
5112 34
5114 5
5095 159
5113 2
5115 4
5107 4
5110 57
5116 78
5119 18
5105 5
5120 23
5121 4
5126 7
5128 4
5124 16
5129 69
5132 173
5117 23
5125 27
5134 2
5135 38
5122 274
5111 4
5138 88
5136 34
5140 1374
5139 7
5141 7
5137 10
5143 106
5144 45
5109 172
5147 222
5142 193
5146 168
5148 443
5155 53
5151 5
5156 10
5152 1
5153 2
5158 104
5160 21
5161 5
5162 22
5127 1
5167 31
5164 36
5159 17
5168 84
5163 18
5149 570
5171 305
5173 194
5175 129
5157 23
5170 8
5177 258
5179 59
5181 24
5172 14
5165 100
5174 67
5184 23
5186 4
5183 89
5133 73
5193 50
5195 9
5188 13
5187 2
5192 58
5189 9
5200 90
5198 386
5204 117
5199 140
5202 45
5201 485
5205 67
5206 134
5207 333
5208 42
5212 3
5210 10
5169 78
5209 33
5216 305
5211 1003
5215 1335
5214 119
5213 36
5178 31
5217 106
5218 301
5219 391
5223 62
5220 25
5226 48
5229 18
5180 475
5232 10
5228 279
5224 271
5235 3
5233 122
5231 722
5236 74
5234 86
5237 137
5239 4
5241 9
5243 28
5240 141
5238 283
5244 387
5245 805
5247 29
5248 65
5227 67
5250 451
5254 50
5222 2503
5196 622
5253 195
5255 4
5259 8
5225 593
5258 2
5257 81
5260 43
5256 1567
5261 314
5251 25
5263 123
5246 47
5267 31
5262 1
5268 27
5265 452
5269 4
5264 4
5266 438
5272 1
5277 37
5274 114
5278 59
5270 1
5271 16
5273 960
5282 51
5281 35
5279 578
5284 5
5280 1517
5276 18
5286 20
5289 94
5291 312
5285 179
5290 43
5292 11
5249 534
5288 16
5293 42
5297 15
5298 36
5299 451
5296 16
5302 7
5300 38
5301 46
5303 88
5304 325
5308 7
5295 3
5307 79
5283 329
5310 336
5311 454
5275 45
5309 29
5312 41
5313 547
5306 9
5315 3
5320 3
5322 10
5321 54
5318 24
5317 1
5324 46
5325 74
5326 32
5327 58
5323 9
5329 4
5333 9
5294 25
5334 2
5336 19
5332 1471
5314 23
5340 2
5337 6
5328 111
5339 3
5338 35
5346 7
5345 1
5349 473
5351 92
5319 22
5353 34
5354 16
5342 893
5344 1
5355 70
5350 3199
5356 2
5347 170
5364 117
5360 12
5357 23
5365 2
5335 4
5367 64
5359 325
5361 7
5370 41
5368 281
5343 2
5375 251
5376 8
5373 38
5366 129
5358 19
5382 195
5372 21
5377 40
5383 3005
5385 5
5384 65
5386 21
5374 50
5387 57
5388 5
5390 6
5378 152
5369 608
5392 1421
5389 166
5391 23
5396 103
5395 858
5381 19
5394 138
5400 8
5401 9
5399 21
5393 120
5379 280
5406 27
5405 3
5398 19
5397 47
5403 54
5371 191
5409 514
5408 53
5404 298
5415 5
5412 96
5413 72
5416 189
5407 680
5418 65
5411 210
5423 23
5425 2
5421 660
5424 78
5414 16
5420 7
5427 419
5422 246
5410 114
5430 67
5429 15
5432 3
5435 25
5433 52
5428 63
5436 27
5417 237
5442 90
5439 22
5440 113
5444 808
5437 106
5441 307
5447 458
5443 145
5434 25
5445 592
5448 415
5449 318
5446 7
5455 88
5453 257
5452 3
5456 149
5454 136
5461 799
5458 861
5402 1170
5460 26
5431 146
5465 32
5459 205
5463 26
5469 415
5466 285
5471 45
5467 343
5475 48
5473 88
5470 562
5474 38
5477 11
5476 11
5464 514
5479 21
5426 2
5482 157
5481 267
5483 91
5484 336
5486 15
5450 56
5487 169
5492 190
5491 5
5488 38
5493 12
5494 69
5489 226
5480 172
5485 188
5497 57
5457 12
5502 6
5499 550
5500 15
5496 56
5478 30
5504 40
5508 12
5509 12
5510 5
5512 9
5501 33
5507 68
5503 135
5511 14
5495 606
5506 11
5520 102
5519 34
5521 29
5518 327
5515 33
5522 88
5527 28
5523 3
5524 208
5528 21
5531 60
5526 146
5505 196
5532 453
5513 63
5530 168
5529 341
5538 1968
5535 165
5533 193
5541 373
5534 102
5536 196
5540 220
5525 738
5543 40
5545 81
5547 8
5539 356
5548 94
5542 11
5546 28
5550 136
5552 10
5514 32
5555 21
5556 2
5557 3
5549 43
5517 252
5559 161
5560 46
5561 179
5562 765
5553 1
5568 149
5565 39
5567 506
5570 37
5566 86
5574 215
5575 157
5544 116
5572 4
5573 211
5564 28
5571 269
5554 37
5576 6
5579 103
5578 3
5581 255
5583 11
5586 72
5563 21
5590 2
5577 60
5587 72
5589 12
5580 3
5592 23
5582 42
5596 5
5594 93
5598 2
5588 37
5593 31
5597 3
5595 28
5602 6
5600 6
5591 7
5605 73
5603 3
5601 31
5607 62
5599 26
5608 4
5612 8
5614 8
5610 19
5619 7
5609 2
5611 41
5617 5
5621 5
5622 8
5625 14
5626 2
5628 4
5624 7
5620 47
5630 211
5635 5
5632 5
5631 17
5623 202
5629 24
5637 3
5641 10
5639 2
5642 8
5606 1
5640 215
5643 12
5646 77
5648 25
5634 25
5647 39
5645 69
5650 87
5644 69
5652 3
5649 19
5657 4
5655 4
5618 1
5658 2
5638 11
5636 1
5659 7
5665 4
5661 17
5667 3
5656 4
5663 2
5668 22
5669 2
5672 52
5671 39
5662 7
5674 12
5615 1
5654 1
5675 101
5678 462
5680 19
5677 37
5682 211
5679 126
5681 113
5653 30
5676 17
5686 20
5685 474
5687 166
5683 177
5688 86
5691 31
5670 1
5692 685
5695 66
5666 3
5690 57
5684 182
5696 517
5689 186
5698 23
5699 9
5697 17
5704 35
5694 385
5693 200
5705 52
5706 3
5701 1
5702 3
5710 2
5707 5
5713 23
5714 21
5715 79
5716 37
5712 365
5709 19
5708 9
5721 3
5717 4
5723 48
5722 47
5718 6
5703 1
5727 6
5725 1
5729 7
5728 2
5735 40
5734 29
5736 14
5730 7
5719 6
5726 5
5737 2
5740 14
5720 4
5745 2
5733 8
5731 1
5741 1
5732 1
5744 1
5747 10
5750 14
5748 12
5754 3
5746 5
5757 15
5755 3
5751 2
5760 4
5749 1
5742 5
5738 24
5762 47
5764 5
5743 4
5763 3
5759 11
5758 131
5771 3
5770 14
5765 3
5753 5
5761 1
5768 1
5774 4
5766 6
5773 6
5776 6
5752 6
5772 1
5775 1
5783 12
5767 1
5785 6
5779 4
5782 11
5778 1
5781 1
5788 6
5791 3
5777 3
5784 6
5792 3
5795 5
5787 73
5794 2
5798 2
5793 3
5797 15
5802 146
5796 2
5800 52
5786 4
5801 11
5804 5
5789 7
5806 18
5811 4
5809 2
5810 26
5812 4
5799 19
5805 5
5803 17
5807 13
5814 17
5815 4
5817 15
5818 21
5820 8
5822 19
5823 8
5821 15
5825 54
5824 111
5816 1
5808 1
5828 50
5827 7
5826 2
5832 24
5829 13
5819 1
5830 111
5833 12
5839 28
5838 12
5836 1027
5842 17
5831 1
5834 1
5835 35
5841 24
5813 1
5846 5
5843 32
5844 4
5850 28
5851 1413
5849 99
5852 792
5847 6
5855 5
5853 317
5854 11
5860 4
5865 5
5866 5
5859 1
5864 48
5862 42
5867 2
5857 3
5861 32
5873 2
5863 23
5874 4
5870 2
5878 4
5871 4
5868 2
5881 52
5869 6
5883 88
5858 38
5885 17
5882 706
5886 14
5879 20
5887 2
5892 6
5889 1
5891 26
5888 16
5896 10
5893 158
5895 6
5884 60
5894 32
5899 35
5897 101
5898 81
5900 10
5901 10
5890 1
5875 1
5904 5
5876 1
5907 86
5908 8
5880 1
5910 60
5906 177
5912 12
5902 34
5914 123
5915 84
5917 54
5918 135
5909 35
5913 2
5921 10
5911 84
5916 7
5927 48
5903 30
5922 8
5924 92
5926 127
5925 10
5933 2
5920 4
5931 1
5928 7
5938 39
5940 29
5941 14
5937 24
5942 34
5932 1
5943 32
5935 10
5930 1
5948 15
5939 1
5944 31
5953 46
5934 1
5946 65
5955 27
5945 17
5952 21
5951 2
5957 17
5947 59
5923 1
5963 122
5959 10
5964 156
5956 366
5965 150
5961 1223
5967 113
5954 50
5969 61
5962 70
5977 47
5966 10
5960 311
5981 378
5983 246
5974 57
5970 4
5979 2
5978 78
5971 13
5982 70
5976 18
5988 8
5992 23
5984 14
5995 31
5973 176
5991 22
5996 9
5990 72
5999 19
5994 10
5989 22
5986 72
6001 141
6002 158
6004 3
6007 12
6005 9
6003 19
6013 10
6014 2
6009 49
6008 14
6000 11
6012 81
6011 62
6018 35
6016 22
6006 11
6015 6
6020 4
6023 11
6026 42
6024 74
6022 18
6025 18
6021 8
6027 24
6017 3
6034 46
6029 14
6031 160
6028 89
6035 16
6030 23
6032 50
6033 58
6040 156
6041 44
6038 49
6043 3
6039 7
6044 64
6042 37
6048 4
5987 1
6037 16
6053 3
6051 4
6047 32
5997 1
6056 29
6057 21
6055 11
6050 15
6059 7
6062 6
6049 12
6054 98
6046 157
6065 104
6066 95
6068 11
6071 2
6063 1
6069 32
6061 3
6074 37
6067 6
6058 23
6075 5
6078 2
6073 148
6070 47
6079 11
6081 2
6084 6
6083 7
6085 89
6077 4
6087 7
6072 1
6082 4
6088 11
6092 8
6076 10
6089 101
6093 13
6097 17
6095 14
6099 10
6086 4
6102 4
6080 1
6101 45
6105 144
6106 6
6104 80
6103 4
6112 8
6110 7
6111 5
6107 2
6096 2
6114 4
6108 12
6100 21
6109 4
6115 75
6118 4
6120 45
6121 3
6122 12
6124 36
6091 40
6125 11
6126 8
6123 1
6117 6
6116 394
6119 343
6127 5
6130 186
6113 3
6132 69
6128 230
6129 81
6135 3
6131 530
6136 14
6139 40
6140 8
6133 8
6145 7
6134 67
6142 229
6138 40
6143 51
6148 36
6147 6
6152 48
6151 67
6146 450
6137 1
6155 4
6144 13
6157 8
6159 8
6154 10
6153 227
6163 24
6161 57
6165 31
6158 9
6166 35
6169 18
6162 231
6149 1
6164 124
6168 5
6172 3
6174 6
6170 33
6173 210
6167 4
6175 2
6176 7
6178 3
6184 5
6180 46
6183 3
6171 149
6188 30
6181 11
6190 2
6177 92
6179 255
6191 6
6156 1
6194 3
6193 9
6195 22
6196 11
6189 21
6185 3
6192 30
6197 4
6198 9
6205 26
6206 117
6207 29
6204 8
6199 4
6210 3
6203 6
6201 4
6214 65
6216 6
6211 8
6217 22
6202 7
6218 6
6215 2
6187 1
6221 6
6219 2
6222 8
6228 8
6212 190
6229 7
6220 4
6230 39
6232 16
6233 24
6224 10
6226 6
6227 22
6231 8
6237 18
6236 27
6240 6
6239 64
6243 5
6241 3
6235 1
6238 6
6234 98
6209 1
6247 3
6249 2
6246 3
6252 2
6254 2
6255 2
6248 10
6250 7
6256 7
6260 13
6259 26
6258 49
6253 21
6263 21
6264 3
6265 3
6267 27
6266 14
6225 1
6242 1
6269 73
6276 5
6257 1
6273 30
6272 19
6245 1
6251 1
6277 12
6275 27
6285 6
6268 1
6261 1
6280 9
6279 23
6286 133
6283 36
6290 18
6281 19
6295 51
6288 216
6291 1
6293 8
6292 17
6282 3
6287 10
6298 3
6294 3
6303 16
6300 6
6296 32
6297 9
6302 35
6304 5
6309 5
6301 17
6308 4
6312 6
6311 5
6306 5
6316 4
6321 4
6305 3
6319 24
6310 10
6318 2
6323 9
6317 107
6325 6
6307 1
6314 1
6313 2
6328 8
6332 72
6330 13
6329 3
6331 11
6337 9
6322 1
6333 38
6324 45
6336 6
6339 13
6335 3
6341 5
6338 17
6326 2
6327 21
6344 4
6340 2
6348 19
6349 6
6320 17
6343 4
6351 12
6352 23
6347 22
6354 4
6355 14
6346 1
6359 61
6361 11
6360 11
6364 7
6358 23
6357 13
6365 17
6371 5
6375 7
6377 44
6368 9
6372 25
6369 17
6350 9
6363 1
6380 51
6366 4
6381 1
6385 3
6382 166
6388 7
6379 30
6384 16
6392 7
6378 2
6399 10
6396 16
6376 81
6404 28
6397 17
6386 1
6395 6
6403 6
6406 234
6408 60
6405 44
6391 9
6400 16
6389 1
6413 40
6414 23
6407 129
6411 18
6410 191
6415 8
6416 160
6418 4
6417 22
6412 221
6419 233
6409 100
6422 111
6420 179
6427 3
6425 10
6429 2
6424 8
6430 32
6432 37
6431 2
6433 5
6401 1
6437 313
6421 43
6436 17
6428 22
6440 48
6441 9
6435 11
6444 2
6443 365
6393 1
6445 30
6448 8
6451 2
6446 9
6450 9
6438 259
6452 3
6449 15
6439 28
6442 42
6453 19
6455 3
6459 9
6460 33
6457 117
6458 4
6461 8
6456 89
6464 16
6466 101
6465 13
6463 35
6470 8
6468 594
6469 25
6473 3
6467 1
6454 209
6479 4
6476 2
6474 48
6477 1
6471 66
6472 4
6462 21
6480 36
6485 5
6478 8
6481 28
6488 1
6487 1
6489 1
6492 2
6475 6
6482 10
6490 10
6498 8
6493 1
6486 1
6499 3
6501 2
6491 8
6497 8
6495 4
6505 3
6506 5
6509 11
6508 16
6511 1
6512 1
6500 1
6510 8
6507 1
6516 7
6494 1
6517 2
6514 17
6502 1
6513 2
6504 22
6520 1
6526 3
6518 2
6525 1
6523 18
6529 10
6530 16
6524 4
6527 1
6519 2
6534 11
6522 3
6521 20
6535 13
6536 2
6532 29
6541 10
6542 94
6540 31
6545 29
6543 1
6533 38
6546 29
6537 67
6548 7
6544 213
6538 8
6549 25
6551 83
6552 53
6550 72
6547 3
6539 3
6553 34
6554 1
6562 3
6557 12
6565 2
6561 46
6566 82
6560 18
6558 25
6569 7
6568 1
6571 1
6570 70
6573 34
6575 7
6559 307
6572 379
6580 4
6567 21
6583 4
6576 2
6582 5
6584 2
6586 4
6588 6
6589 4
6591 6
6577 138
6595 2
6590 8
6593 23
6563 3
6597 2
6592 4
6578 26
6600 6
6596 16
6587 10
6594 8
6581 1
6601 1
6599 16
6606 7
6608 8
6604 8
6610 44
6603 8
6607 1
6605 15
6613 4
6614 11
6618 1
6602 32
6611 234
6617 9
6619 4
6616 12
6615 7
6624 37
6628 5
6626 92
6623 19
6622 96
6620 52
6627 5
6629 22
6625 27
6637 7
6631 15
6634 50
6531 8
6632 126
6630 24
6636 26
6639 936
6640 8
6641 15
6638 178
6644 24
6633 71
6643 42
6652 363
6653 10
6642 280
6647 138
6646 887
6645 90
6657 41
6656 64
6659 507
6655 1
6660 48
6654 3
6648 131
6661 16
6665 48
6666 4
6650 83
6658 23
6668 3
6663 14
6669 6
6667 1
6651 171
6677 10
6671 12
6673 11
6678 7
6672 9
6670 11
6679 132
6674 42
6680 4
6684 31
6664 20
6675 2
6685 9
6686 4
6687 8
6690 2
6682 48
6695 6
6683 4
6692 7
6699 22
6696 1
6701 32
6702 2
6691 18
6689 14
6688 6
6697 1
6707 63
6709 4
6710 6
6713 19
6708 19
6700 30
6714 22
6703 2
6704 5
6716 17
6715 20
6705 7
6719 5
6698 1
6723 4
6722 4
6717 7
6721 1
6729 32
6733 4
6718 1
6724 1
6727 40
6712 31
6732 1
6735 5
6730 4
6736 9
6734 12
6739 2
6728 21
6726 1
6737 1
6744 5
6743 2
6745 10
6741 6
6742 1
6746 1
6750 10
6753 4
6751 9
6747 11
6759 3
6760 9
6758 104
6749 31
6762 21
6757 26
6763 1
6768 16
6740 3
6764 24
6754 2
6765 1
6772 9
6776 14
6755 1
6771 1
6774 5
6770 1
6779 1
6780 2
6782 2
6766 1
6775 2
6777 1
6785 1
6788 2
6790 3
6778 7
6791 11
6792 35
6793 2
6781 1
6795 4
6794 1
6786 1
6799 3
6798 1
6787 1
6796 18
6802 69
6804 7
6803 1
6797 2
6805 69
6800 3
6807 10
6809 2
6808 10
6812 5
6769 1
6810 5
6789 1
6813 12
6814 1
6811 6
6819 5
6817 5
6801 4
6818 23
6815 3
6823 3
6820 8
6821 2
6826 6
6828 3
6830 5
6829 22
6825 1
6827 1
6834 3
6836 4
6822 8
6838 4
6839 2
6837 5
6816 4
6835 7
6844 2
6840 1
6842 7
6841 1
6845 33
6846 5
6843 39
6851 3
6849 2
6833 1
6852 6
6854 4
6858 138
6859 8
6855 1
6847 2
6853 14
6856 5
6848 1
6864 2
6857 1
6866 2
6863 6
6867 3
6861 12
6871 3
6869 2
6874 11
6872 2
6873 5
6875 2
6876 69
6870 565
6868 29
6879 13
6880 4
6883 8
6884 2
6882 10
6887 4
6832 4
6886 1
6890 2
6891 2
6881 3
6862 3
6894 6
6892 1
6888 4
6897 18
6898 5
6877 295
6893 1
6906 24
6905 18
6904 1
6899 1
6907 3
6900 1
6896 10
6911 3
6909 25
6903 4
6902 1
6916 5
6915 6
6917 4
6908 1
6912 7
6918 1
6919 1
6921 3
6920 1
6922 9
6926 3
6925 11
6927 12
6895 10
6929 4
6928 7
6931 3
6901 3
6914 3
6934 3
6930 11
6936 121
6938 5
6935 1
6937 21
6943 17
6944 3
6924 44
6941 1
6945 1
6939 8
6949 4
6950 4
6946 15
6940 7
6948 25
6954 8
6953 20
6952 38
6947 3
6956 9
6961 4
6958 22
6955 27
6962 48
6966 6
6960 39
6967 33
6957 8
6959 1
6942 4
6965 1
6968 32
6971 17
6969 42
6963 6
6964 24
6975 23
6976 6
6972 18
6978 13
6979 17
6970 78
6980 2
6973 48
6977 2
6982 11
6983 8
6984 2
6986 2
6990 2
6988 57
6992 3
6989 125
6991 14
6993 518
6995 130
6994 11
6985 3
6996 528
7001 7
7000 34
6998 1
7003 241
6997 15
6999 19
7005 12
7007 67
7002 33
7010 42
7004 239
7009 20
7011 38
7012 13
7014 11
7013 1
7008 2
7016 7
7018 122
7019 20
7015 52
7022 14
7020 35
7017 5
7024 3
7023 17
7025 56
7027 2
7026 2
7029 18
7021 1
7028 1
7035 31
6974 38
7031 31
7036 2
7033 2
7034 1
7040 4
7038 48
7039 2
7030 15
7037 7
7042 25
7044 23
7051 3
7046 9
7048 7
7052 10
7043 2
7049 1
7053 41
7047 31
7058 53
7060 15
7062 67
7055 31
7045 34
7059 230
7054 14
7061 28
7065 5
7068 7
7066 48
7067 4
7057 2
7073 2
7063 12
7070 12
7076 4
7078 3
7064 67
7072 18
7077 1
7075 29
7080 4
7074 22
7079 1
7086 3
7082 58
7041 1
7090 5
7084 30
7091 18
7083 15
7089 18
7087 1
7093 3
7097 298
7095 12
7069 57
7099 44
7092 1
7096 14
7098 2
7103 7
7105 17
7107 13
7108 20
7088 1
7102 16
7106 7
7110 40
7114 38
7117 113
7115 13
7101 103
7100 23
7113 10
7119 38
7118 23
7109 36
7120 4
7125 18
7122 192
7126 6
7123 1
7131 34
7128 42
7116 9
7132 13
7134 6
7121 61
7133 2
7135 8
7136 16
7137 7
7143 3
7142 2
7140 14
7130 63
7139 4
7144 5
7127 2
7148 6
7151 11
7149 18
7152 30
7156 12
7158 4
7145 3
7157 3
7150 11
7160 42
7146 1
7155 11
7161 39
7159 8
7163 2
7154 115
7167 43
7166 397
7171 28
7174 9
7169 51
7172 8
7173 3
7178 2
7168 26
7180 6
7141 19
7181 16
7184 4
7179 49
7182 13
7162 127
7175 5
7190 4
7186 4
7191 4
7177 18
7189 1
7187 7
7193 3
7194 24
7192 5
7195 4
7197 11
7198 14
7199 7
7200 71
7206 35
7203 25
7202 20
7207 62
7208 38
7204 38
7164 3
7209 21
7212 3
7213 12
7210 4
7216 4
7214 1
7219 31
7220 127
7218 40
7221 30
7185 14
7222 21
7225 30
7227 9
7229 36
7230 24
7211 5
7231 8
7183 8
7232 3
7215 32
7234 3
7233 14
7226 16
7223 23
7201 5
7239 6
7240 51
7238 21
7236 6
7241 24
7245 2
7242 8
7243 12
7247 63
7248 17
7249 496
7251 2
7250 40
7253 2
7252 17
7255 5
7256 7
7258 3
7259 8
7261 544
7260 135
7254 29
7264 7
7265 30
7266 9
7270 50
7269 4
7262 61
7268 15
7237 15
7271 17
7272 39
7263 26
7276 2
7278 63
7273 6
7267 28
7277 134
7281 16
7282 6
7284 12
7286 2
7287 6
7279 151
7283 1
7289 14
7275 80
7288 5
7292 3
7293 2
7295 22
7291 1
7297 7
7298 8
7299 13
7246 4
7302 3
7303 8
7296 96
7306 15
7294 97
7285 1
7301 40
7307 12
7308 34
7309 17
7311 3
7313 22
7316 21
7315 9
7318 19
7317 1
7322 8
7319 1
7314 27
7324 2
7325 10
7320 1
7310 10
7323 15
7274 6
7326 2
7330 4
7329 5
7304 59
7332 18
7334 4
7328 8
7333 7
7335 61
7336 16
7338 6
7339 5
7341 5
7346 7
7300 62
7344 42
7347 10
7345 11
7348 8
7342 1
7331 16
7351 9
7350 1
7343 2
7356 5
7354 2
7353 12
7359 275
7362 36
7355 139
7361 61
7349 6
7360 2
7365 178
7363 12
7352 7
7357 25
7366 84
7368 10
7364 7
7369 7
7375 22
7372 15
7371 17
7378 6
7377 1
7340 1
7367 59
7376 1
7381 15
7379 4
7327 1
7386 93
7374 39
7387 51
7385 66
7388 1
7370 27
7392 2
7390 11
7394 2
7393 3
7389 9
7380 38
7395 29
7391 28
7396 9
7399 6
7401 1
7398 1
7383 51
7384 6
7404 8
7407 9
7406 3
7403 1
7397 46
7409 26
7411 4
7415 4
7412 18
7418 22
7417 6
7402 2
7405 11
7414 20
7420 98
7419 4
7426 3
7421 8
7425 390
7431 16
7430 64
7424 21
7413 1
7432 22
7433 7
7410 11
7427 25
7428 6
7435 51
7439 10
7438 4
7447 28
7400 1
7434 21
7446 16
7444 146
7440 14
7445 5
7449 6
7436 36
7448 31
7450 1
7455 10
7453 12
7456 17
7458 65
7457 16
7460 486
7454 245
7459 24
7442 3
7462 140
7461 5
7465 6
7470 86
7466 29
7468 2
7467 41
7451 6
7441 1
7472 184
7474 67
7464 2
7476 215
7479 19
7475 282
7477 19
7482 1
7485 33
7478 18
7473 75
7483 1
7490 6
7487 1
7480 94
7488 87
7489 24
7486 19
7492 32
7493 16
7491 29
7494 109
7496 39
7471 48
7499 64
7501 2
7500 23
7504 15
7503 83
7498 2
7502 12
7507 33
7506 29
7505 31
7512 2
7511 4
7495 73
7515 9
7514 16
7518 6
7517 16
7481 22
7497 136
7516 17
7519 2
7521 27
7509 16
7522 2
7529 10
7523 12
7526 17
7513 68
7528 43
7532 8
7531 78
7534 5
7533 9
7520 25
7527 4
7535 1
7537 3
7538 110
7536 51
7539 5
7545 8
7542 22
7541 43
7543 26
7544 83
7550 5
7551 216
7524 17
7549 7
7552 32
7558 12
7555 6
7557 15
7559 28
7547 31
7560 4
7553 1
7561 13
7564 2
7562 2
7540 21
7565 1
7546 2
7563 11
7554 60
#sum=437757